kinematics:
  shoulder:
    x: 0
    y: 0
    z: 0.16275539960981536
    roll: -0
    pitch: 0
    yaw: -1.3056566983832285e-08
  upper_arm:
    x: 0.00018476643006531352
    y: 0
    z: 0
    roll: 1.5706381365466275
    pitch: 0
    yaw: -2.148616964348093e-06
  forearm:
    x: -0.42531362489467184
    y: 0
    z: 0
    roll: 0.00094676774016221987
    pitch: -0.00063138943660953444
    yaw: 0.0011107748678351084
  wrist_1:
    x: -0.39222515777331191
    y: -0.00095110794933308022
    z: 0.13369263639139009
    roll: 0.0071140186175834503
    pitch: 0.0017270730445855813
    yaw: -6.3508131228299942e-06
  wrist_2:
    x: -7.7844561272379507e-05
    y: -0.099744443534866459
    z: 8.9273314410775529e-05
    roll: 1.5699013066072129
    pitch: 0
    yaw: -1.0736218860607492e-06
  wrist_3:
    x: 3.663908567097521e-05
    y: 0.099650340121898606
    z: 5.7915270721197525e-05
    roll: 1.5713775116070061
    pitch: 3.1415926535897931
    yaw: 3.1415923605206326
  hash: calib_17928620460534497278